#This file contains viewpoints for a VMD script, view_change.tcl.
#Type 'source ./vps.tcl' from the VMD command window to load these viewpoints.

set viewpoints(1,0,0) { {{0.900553 0.430532 0.0603734 0} {-0.00100951 0.140942 -0.990017 0} {-0.434743 0.891502 0.12736 0} {0 0 0 1}} }
 
set viewpoints(1,0,1) { {{1 0 0 -500} {0 1 0 -500.003} {0 0 1 -499.993} {0 0 0 1}} }
 
set viewpoints(2,0,0) { {{0.970346 -0.241713 0.000637972 0} {0.0206367 0.0802149 -0.996564 0} {0.240832 0.967026 0.0828244 0} {0 0 0 1}} }
 
set viewpoints(1,0,2) { {{0.00591809 0 0 0} {0 0.00591809 0 0} {0 0 0.00591809 0} {0 0 0 1}} }
 
set viewpoints(2,0,1) { {{1 0 0 -500} {0 1 0 -500.003} {0 0 1 -499.993} {0 0 0 1}} }
 
set viewpoints(3,0,0) { {{0.970346 -0.241713 0.000637972 0} {0.0206367 0.0802149 -0.996564 0} {0.240832 0.967026 0.0828244 0} {0 0 0 1}} }
 
set viewpoints(4,0,0) { {{0.983687 -0.174838 -0.0423266 0} {-0.176378 -0.983669 -0.0358742 0} {-0.0353632 0.0427545 -0.998459 0} {0 0 0 1}} }
 
set viewpoints(1,0,3) { {{1 0 0 0} {0 1 0 0} {0 0 1 0} {0 0 0 1}} }
 
set viewpoints(2,0,2) { {{0.0254467 0 0 0} {0 0.0254467 0 0} {0 0 0.0254467 0} {0 0 0 1}} }
 
set viewpoints(3,0,1) { {{1 0 0 -500} {0 1 0 -500.003} {0 0 1 -499.993} {0 0 0 1}} }
 
set viewpoints(4,0,1) { {{1 0 0 -493.82} {0 1 0 -493.075} {0 0 1 -499.593} {0 0 0 1}} }
 
set viewpoints(2,0,3) { {{1 0 0 0} {0 1 0 0} {0 0 1 0} {0 0 0 1}} }
 
set viewpoints(3,0,2) { {{0.0254467 0 0 0} {0 0.0254467 0 0} {0 0 0.0254467 0} {0 0 0 1}} }
 
set viewpoints(4,0,2) { {{0.0200155 0 0 0} {0 0.0200155 0 0} {0 0 0.0200155 0} {0 0 0 1}} }
 
set viewpoints(3,0,3) { {{1 0 0 0.24} {0 1 0 -3.27} {0 0 1 0} {0 0 0 1}} }
 
set viewpoints(4,0,3) { {{1 0 0 0} {0 1 0 0} {0 0 1 -1.88} {0 0 0 1}} }
 
puts "\nLoaded viewpoints file ./vps.tcl \n"

